18768
7500
10800
10092
9486
11424
8550
10557
10890
11520
11385
11880
9945
10800
16284
17688
11346
9450
17160
11457
10557
9900
9945
9150
10206
17956
10206
9234
10050
9984
10065
16560
10266
11700
11151
8700
11328
17424
8700
9150
17664
9672
11136
10608
9750
9570
10788
11505
11529
17080
9720
10752
9000
16128
16348
11904
11484
11136
8262
10494
18224
16896
10788
16348
18768
17408
9360
16632
10200
16348
10653
11457
7500
6912
7956
10098
10050
8112
9204
9858
10140
10584
16384
16008
16592
10752
11718
7800
10602
9048
10440
11016
8892
10764
9333
10944
16384
8424
8109
11016
