4692
2500
3600
3364
3162
3808
2850
3519
3630
3840
3795
3960
3315
3600
4071
4422
3782
3150
4290
3819
3519
3300
3315
3050
3402
4489
3402
3078
3350
3328
3355
4140
3422
3900
3717
2900
3776
4356
2900
3050
4416
3224
3712
3536
3250
3190
3596
3835
3843
4270
3240
3584
3000
4032
4087
3968
3828
3712
2754
3498
4556
4224
3596
4087
4692
4352
3120
4158
3400
4087
3551
3819
2500
2304
2652
3366
3350
2704
3068
3286
3380
3528
4096
4002
4148
3584
3906
2600
3534
3016
3480
3672
2964
3588
3111
3648
4096
2808
2703
3672
